4021	2600	0	99	1	1	7	8	1	1	13
2089	1750	0	1	1	0	4	0	89	1	17
2453	2450	0	1	1	0	6	6	3	0	9
2834	1875	0	1	1	1	5	3	1	0	16
3722	1695	0	1	1	0	0	0	1	0	16
3725	2195	0	1	1	1	6	2	1	0	14
3730	2600	0	1	1	0	6	5	3	0	12
3735	2195	0	1	1	0	7	8	0	1	11
3738	1995	0	1	1	1	6	2	1	0	15
3742	2195	0	1	1	0	6	2	3	0	9
3749	2300	0	1	1	0	7	4	0	2	15
3760	2250	0	1	1	1	6	4	1	0	15
3761	2350	0	1	1	0	7	5	0	2	15
3769	1775	0	1	1	0	7	5	5	1	11
3776	2500	0	1	1	0	6	9	2	0	11
3789	1620	0	1	1	0	2	4	6	0	15
3790	2695	0	1	1	0	6	2	1	0	14
3793	1489	0	1	1	0	7	2	1	1	13
3794	2085	0	1	1	0	6	9	2	0	9
3795	1250	0	1	1	0	0	4	45	0	19
3808	2995	0	1	1	0	6	4	1	0	14
3816	2350	0	1	1	0	6	2	3	0	8
3823	2000	0	1	1	0	6	8	3	0	10
3824	2225	0	1	1	0	7	5	0	2	16
3826	1950	0	1	1	0	5	5	11	0	15
3827	1795	0	1	1	0	7	3	5	1	11
3833	1475	0	1	1	1	4	0	1	0	16
3838	1195	0	1	1	1	5	0	0	1	16
3843	1495	0	1	1	1	4	4	2	0	16
3845	2600	0	1	1	0	6	7	3	0	10
3849	5000	0	1	1	0	6	9	2	0	10
3850	2250	0	1	1	0	7	3	20	0	3
3851	2325	0	1	1	0	6	5	2	0	12
3882	1795	0	1	1	0	7	8	6	2	14
3884	2850	0	1	1	0	6	9	3	0	10
3886	2095	0	1	1	0	6	5	3	0	8
3897	1850	0	1	1	0	4	7	2	0	16
3920	1695	0	1	1	0	5	5	9	0	17
3924	2800	0	1	1	0	7	4	1	2	14
3926	1695	0	1	1	1	6	2	1	0	14
3928	1550	0	1	1	0	2	0	1	0	16
3934	1945	0	1	1	0	6	4	1	1	13
3940	1625	0	1	1	0	7	8	1	1	11
3946	1299	0	1	1	0	0	2	1	0	16
3962	2850	0	1	1	1	7	8	1	1	13
3973	1975	0	1	1	0	6	7	1	0	13
3976	1595	0	1	1	0	2	0	1	0	16
3987	1950	0	1	1	1	7	5	0	2	16
3991	1595	0	1	1	1	5	7	0	0	16
3997	1595	0	1	1	1	0	4	1	2	14
4000	1680	0	1	1	0	4	7	1	0	16
4004	1895	0	1	1	1	7	6	1	2	14
4007	1750	0	1	1	0	7	6	1	2	14
4010	1650	0	1	1	1	6	0	1	0	15
4013	1900	0	1	1	1	7	2	1	1	13
4022	2050	0	1	1	0	6	4	2	0	12
4029	1550	0	1	1	0	0	0	42	0	18
4034	1445	0	1	1	0	2	0	1	0	16
4046	1875	0	1	1	0	5	3	1	0	16
4050	1295	0	1	1	1	0	0	21	0	19
849	3200	0	2	1	1	7	2	1	1	13
2695	3300	0	2	1	1	6	4	1	0	14
3731	1450	0	2	1	0	4	4	11	0	18
3733	2795	0	2	1	1	6	4	0	0	14
3737	1800	0	2	1	0	6	5	7	2	12
3745	1995	0	2	1	1	4	0	1	0	16
3747	2500	0	2	1	1	0	0	1	2	15
3770	1895	0	2	1	1	5	0	3	1	17
3773	2595	0	2	1	0	6	9	2	0	11
3779	3500	0	2	1	0	6	7	1	0	15
3798	2495	0	2	1	0	6	9	0	0	14
3802	2595	0	2	1	0	6	4	1	0	14
3814	2195	0	2	1	1	5	0	3	1	17
3825	2395	0	2	1	0	5	6	8	0	10
3836	2195	0	2	1	0	5	0	3	1	16
3864	1825	0	2	1	0	4	0	116	0	17
3866	1995	0	2	1	1	5	4	1	0	17
3867	3195	0	2	1	0	7	4	0	2	15
3871	2000	0	2	1	0	5	5	13	0	14
3931	2495	0	2	1	1	0	4	1	1	14
3978	2895	0	2	1	0	6	4	1	0	14
4023	3000	0	3	1	0	7	3	10	2	11
3765	1300	0	99	1	1	4	4	2	0	16
3774	1670	0	99	1	0	7	4	1	2	14
3883	1325	0	99	1	1	7	5	0	2	15
3893	1300	0	99	1	1	0	0	1	2	15
3958	1445	0	99	1	1	5	4	1	0	16
3964	1300	0	99	1	1	5	5	0	1	17
3965	1895	0	99	1	0	7	2	1	1	13
3974	1345	0	99	1	1	5	0	0	0	16
3977	1850	0	99	1	1	6	8	1	1	13
1339	2900	1	1	1	1	6	2	1	0	14
1382	3600	1	1	1	0	7	8	1	1	11
2153	2250	1	1	1	0	7	4	0	2	16
2313	3975	1	1	1	0	6	8	1	0	13
2460	2400	1	1	1	0	7	5	0	1	16
2814	2200	1	1	1	1	6	5	1	0	15
2817	2300	1	1	1	0	5	0	3	2	14
2924	2700	1	1	1	0	6	9	0	0	8
2975	2350	1	1	1	0	7	3	10	2	11
3312	3250	1	1	1	0	7	4	0	2	16
3379	2500	1	1	1	0	6	0	3	2	13
3402	2195	1	1	1	1	7	2	1	1	14
3440	1800	1	1	1	0	3	0	1	0	17
818	4750	1	2	1	1	4	7	2	0	16
916	3695	1	2	1	0	6	4	1	0	14
923	2150	1	2	1	0	6	6	10	1	14
1373	2400	1	2	1	0	7	5	0	0	10
1519	2500	1	2	1	0	6	2	4	2	12
1573	2800	1	2	1	0	6	0	10	1	13
1591	2800	1	2	1	0	6	0	10	1	13
1742	1800	1	2	1	1	4	4	1	0	16
1748	1800	1	2	1	0	4	4	84	0	17
1995	2390	1	2	1	0	5	3	81	2	17
2061	2390	1	2	1	0	5	3	81	2	17
2148	3695	1	2	1	0	7	4	1	2	15
2157	2700	1	2	1	0	6	8	2	2	13
2218	3295	1	2	1	0	7	8	0	2	15
2231	2150	1	2	1	0	3	5	7	0	16
2287	5000	1	2	1	0	6	5	3	0	10
2290	4700	1	2	1	1	6	4	1	0	15
2294	3400	1	2	1	0	6	4	1	0	14
2391	2295	1	2	1	0	6	8	1	2	13
2932	5500	1	2	1	0	6	10	1	1	12
2984	2345	1	2	1	0	0	0	8	0	17
3194	3999	1	2	1	1	6	4	0	0	14
3211	2045	1	2	1	0	2	3	67	0	17
3321	2600	1	2	1	0	3	5	7	0	16
3367	4500	1	2	1	0	6	4	1	0	13
3371	3000	1	2	1	0	6	8	2	0	11
3515	2500	1	2	1	0	6	3	62	0	16
3613	1450	1	2	1	0	6	0	156	1	18
3656	1870	1	2	1	0	0	0	1	0	17
686	7200	1	3	1	0	6	7	1	0	15
883	2700	1	3	1	0	4	0	60	1	16
905	2700	1	3	1	0	4	0	60	1	16
1575	3950	1	3	1	0	6	5	3	0	10
1593	3950	1	3	1	0	6	5	3	0	10
1814	2795	1	3	1	0	7	3	0	1	10
2071	2300	1	3	1	0	0	0	12	0	18
2094	2795	1	3	1	0	6	2	6	2	11
2097	3000	1	3	1	0	5	4	21	1	15
2160	2500	1	3	1	0	6	0	105	1	17
2209	6350	1	3	1	0	7	8	10	2	13
2923	2600	1	3	1	0	2	0	10	0	17
2982	5300	1	3	1	0	6	7	1	0	15
3482	2600	1	3	1	0	3	0	4	0	17
3516	3800	1	3	1	0	7	9	10	2	10
687	2250	2	1	1	1	4	5	1	0	16
733	1950	2	1	1	0	6	4	0	0	14
798	4800	2	1	1	1	7	2	1	1	14
812	3035	2	1	1	0	6	9	2	0	10
870	2395	2	1	1	0	6	4	1	0	14
910	3250	2	1	1	0	6	2	3	0	8
914	3995	2	1	1	1	7	4	1	1	14
1333	2195	2	1	1	0	6	2	3	0	8
1523	1950	2	1	1	0	7	6	1	2	13
1526	2750	2	1	1	0	6	2	3	0	8
1576	2295	2	1	1	0	5	0	3	1	16
1578	1750	2	1	1	1	6	0	1	0	15
1603	1700	2	1	1	1	0	0	1	2	15
1693	1850	2	1	1	0	6	5	4	0	10
1697	2400	2	1	1	0	6	5	3	0	8
1701	1750	2	1	1	1	7	2	1	1	13
1739	1749	2	1	1	1	5	6	0	1	16
1808	1700	2	1	1	0	7	8	1	1	13
1811	1995	2	1	1	0	6	7	1	0	15
1993	1880	2	1	1	0	6	9	3	0	11
2024	2695	2	1	1	0	6	5	3	0	8
2034	3250	2	1	1	1	7	6	1	1	14
2059	1880	2	1	1	0	6	9	3	0	11
2070	3300	2	1	1	0	6	9	2	0	11
2080	1750	2	1	1	0	5	6	21	2	13
2084	2095	2	1	1	0	7	4	1	2	14
2191	1595	2	1	1	1	5	5	2	1	17
2194	1825	2	1	1	0	5	5	2	1	16
2215	2295	2	1	1	0	6	8	1	1	13
2233	1650	2	1	1	0	6	5	3	0	12
2241	1595	2	1	1	1	7	5	0	2	15
2244	2695	2	1	1	0	6	7	3	0	9
2249	2250	2	1	1	1	6	8	1	1	13
2252	2950	2	1	1	1	5	8	0	0	16
2256	2760	2	1	1	1	5	8	0	0	16
2267	4699	2	1	1	0	6	9	2	0	10
2274	1780	2	1	1	0	6	9	3	0	11
2285	4509	2	1	1	0	6	9	2	0	10
2292	1800	2	1	1	0	6	7	1	0	15
2303	2695	2	1	1	0	6	2	3	0	8
2330	2395	2	1	1	0	6	2	3	0	8
2383	1625	2	1	1	0	6	7	1	0	15
2386	1700	2	1	1	1	5	7	0	0	16
2403	1850	2	1	1	0	6	4	2	0	13
2408	3695	2	1	1	0	6	8	1	0	15
2409	1500	2	1	1	0	6	4	1	0	15
2410	2195	2	1	1	0	6	9	3	0	10
2425	1875	2	1	1	1	6	4	1	0	15
2429	1750	2	1	1	1	5	8	0	0	17
2439	1795	2	1	1	0	6	4	2	0	12
2450	2850	2	1	1	0	7	9	1	2	14
2451	1650	2	1	1	1	5	0	0	0	17
2686	1295	2	1	1	1	5	4	1	0	17
2688	1745	2	1	1	0	7	5	0	2	15
2690	1295	2	1	1	0	3	0	3	0	16
2691	1100	2	1	1	0	5	5	21	0	15
2693	2450	2	1	1	0	7	6	1	2	13
2715	1750	2	1	1	1	5	8	0	0	17
2720	1625	2	1	1	1	5	4	1	0	16
2724	1750	2	1	1	1	0	5	1	0	15
2732	1600	2	1	1	1	7	8	1	1	14
2737	1800	2	1	1	0	6	5	3	0	9
2739	1625	2	1	1	1	5	4	1	0	16
2788	1895	2	1	1	1	4	4	2	0	15
2789	1665	2	1	1	0	2	0	1	0	16
2802	1800	2	1	1	1	6	3	1	0	15
2813	1425	2	1	1	1	0	0	1	0	17
2824	2250	2	1	1	0	6	7	1	0	14
2874	1675	2	1	1	1	5	0	0	0	16
2914	1730	2	1	1	1	7	2	1	1	14
2915	1800	2	1	1	1	7	2	1	1	14
2919	1549	2	1	1	1	5	6	0	1	16
2921	1895	2	1	1	0	6	5	3	0	12
2922	3900	2	1	1	0	6	8	2	0	13
2935	1800	2	1	1	1	7	2	1	1	14
2937	1600	2	1	1	0	5	0	23	1	16
2974	2100	2	1	1	1	5	0	2	0	17
2985	1375	2	1	1	1	5	0	0	0	17
2988	1850	2	1	1	1	0	0	1	2	15
3156	1495	2	1	1	1	4	5	0	0	17
3160	1495	2	1	1	1	5	4	0	0	16
3161	2300	2	1	1	0	6	8	2	0	11
3163	2125	2	1	1	0	6	2	3	0	8
3170	1600	2	1	1	1	5	0	0	0	17
3175	2695	2	1	1	0	6	9	2	0	11
3177	1499	2	1	1	1	4	4	1	0	16
3205	1595	2	1	1	1	5	0	1	0	17
3294	1795	2	1	1	1	7	2	1	1	14
3299	1675	2	1	1	1	5	0	0	0	16
3308	1800	2	1	1	1	5	4	0	0	16
3314	1550	2	1	1	1	5	0	0	0	16
3326	2700	2	1	1	0	7	4	0	2	15
3328	2195	2	1	1	0	6	2	3	0	8
3337	1599	2	1	1	0	6	8	1	0	15
3339	3000	2	1	1	0	6	9	2	0	10
3342	1895	2	1	1	1	4	5	2	0	16
3346	1550	2	1	1	0	5	0	3	2	16
3348	1650	2	1	1	1	5	0	0	0	16
3354	2100	2	1	1	0	7	6	0	2	8
3373	1625	2	1	1	1	5	0	0	0	16
3385	1895	2	1	1	1	4	5	2	0	16
3389	1550	2	1	1	0	5	0	3	2	16
3391	1650	2	1	1	1	5	0	0	0	16
3397	2100	2	1	1	0	7	6	0	2	8
3404	2095	2	1	1	1	6	3	1	0	16
3414	1675	2	1	1	0	6	7	1	0	15
3426	1595	2	1	1	1	7	4	1	2	14
3431	3300	2	1	1	0	0	0	11	0	18
3433	3100	2	1	1	0	0	0	11	0	18
3454	2050	2	1	1	0	6	8	3	0	10
3466	2600	2	1	1	0	6	4	0	0	14
3470	1595	2	1	1	1	4	0	1	0	16
3471	1950	2	1	1	0	2	0	3	0	16
3477	1575	2	1	1	0	6	7	1	0	15
3522	1200	2	1	1	0	0	0	45	0	17
3534	1850	2	1	1	0	8	7	3	0	11
3558	1625	2	1	1	1	4	5	1	0	16
3616	2400	2	1	1	0	5	4	0	2	16
3619	1550	2	1	1	0	2	0	1	0	16
3673	3000	2	1	1	0	6	5	3	0	8
3682	2150	2	1	1	0	6	2	3	0	8
3724	2150	2	1	1	1	4	4	2	0	16
3970	1750	2	1	1	1	7	2	1	1	13
4065	1650	2	1	1	0	5	4	1	0	16
681	2000	2	2	1	0	4	3	12	0	18
691	2995	2	2	1	0	6	4	1	0	14
794	6000	2	2	1	0	7	8	10	2	13
807	6875	2	2	1	1	7	2	1	1	14
824	2695	2	2	1	0	6	4	0	0	14
829	2695	2	2	1	0	7	9	10	2	13
848	2075	2	2	1	1	7	4	1	2	14
873	2199	2	2	1	0	6	2	3	0	8
904	1675	2	2	1	0	3	0	3	0	17
925	3295	2	2	1	0	6	7	1	0	13
1349	2295	2	2	1	0	7	5	0	2	10
1570	2195	2	2	1	0	5	5	10	0	18
1579	2650	2	2	1	0	6	2	3	0	8
1583	2295	2	2	1	1	6	8	1	1	13
1587	2795	2	2	1	0	6	4	0	0	14
1597	1995	2	2	1	1	5	0	0	0	17
1600	1650	2	2	1	0	3	0	3	0	17
1687	3600	2	2	1	0	6	9	2	0	11
1688	2695	2	2	1	0	6	4	0	0	14
1699	1850	2	2	1	0	3	5	3	0	16
1703	4450	2	2	1	0	6	9	2	0	10
1741	2595	2	2	1	0	6	9	0	0	14
1752	3695	2	2	1	1	6	4	0	0	14
1756	2000	2	2	1	0	5	6	20	2	12
2004	2900	2	2	1	0	6	4	0	0	14
2005	2800	2	2	1	1	6	4	2	0	15
2013	1745	2	2	1	1	5	0	1	0	16
2045	2375	2	2	1	0	3	0	1	0	17
2069	3995	2	2	1	0	6	9	2	0	10
2095	2500	2	2	1	0	7	5	0	2	16
2166	2400	2	2	1	1	0	4	1	0	15
2173	1995	2	2	1	0	5	5	10	0	18
2175	1750	2	2	1	0	3	3	2	0	17
2178	1995	2	2	1	1	5	5	2	1	16
2184	3999	2	2	1	0	6	6	1	0	10
2223	1750	2	2	1	0	5	6	11	1	11
2230	2295	2	2	1	1	5	8	0	0	17
2234	2200	2	2	1	0	6	4	1	0	14
2261	2295	2	2	1	0	6	4	2	0	12
2277	2450	2	2	1	0	6	4	1	0	14
2278	2750	2	2	1	0	6	2	1	0	14
2366	2280	2	2	1	0	6	9	3	0	11
2382	9850	2	2	1	0	6	9	2	0	11
2385	2295	2	2	1	0	7	5	0	2	10
2404	2250	2	2	1	0	6	2	1	2	12
2421	2295	2	2	1	1	6	2	1	0	15
2430	3000	2	2	1	1	5	0	0	0	17
2459	3200	2	2	1	0	6	4	1	0	14
2638	2350	2	2	1	0	6	4	2	0	12
2684	2750	2	2	1	0	6	4	1	0	14
2704	1995	2	2	1	0	7	5	0	1	16
2709	1695	2	2	1	0	7	5	0	1	16
2745	2195	2	2	1	0	6	5	3	0	12
2765	2195	2	2	1	0	6	5	3	0	12
2833	2795	2	2	1	0	7	6	1	2	14
3183	2250	2	2	1	0	6	5	1	0	15
3193	3500	2	2	1	0	6	9	2	0	11
3213	1950	2	2	1	0	4	0	1	0	17
3296	2750	2	2	1	1	4	4	2	0	15
3347	2395	2	2	1	0	6	8	3	0	10
3349	2300	2	2	1	1	7	8	1	1	13
3375	3300	2	2	1	0	6	9	2	0	10
3378	2950	2	2	1	0	6	7	1	0	14
3390	2395	2	2	1	0	6	8	3	0	10
3392	2300	2	2	1	1	7	8	1	1	13
3406	4000	2	2	1	0	6	2	3	0	8
3411	2499	2	2	1	1	0	4	1	0	15
3418	3200	2	2	1	0	6	8	1	0	15
3421	1900	2	2	1	1	0	0	21	0	18
3424	3300	2	2	1	0	6	8	3	0	10
3442	3100	2	2	1	0	6	2	3	0	8
3445	3700	2	2	1	0	6	9	2	0	10
3447	2495	2	2	1	0	6	5	3	0	10
3475	1795	2	2	1	0	2	0	1	0	16
3483	3700	2	2	1	0	7	8	1	1	11
3500	2300	2	2	1	1	6	2	2	0	15
3512	1875	2	2	1	0	3	0	1	0	17
3665	3500	2	2	1	1	6	4	1	0	14
3667	2450	2	2	1	0	3	3	6	0	16
3677	2450	2	2	1	0	2	5	1	0	15
871	3795	2	3	1	0	7	4	0	2	15
2019	4895	2	3	1	0	6	4	1	0	14
2025	2500	2	3	1	0	0	0	25	0	19
2033	2600	2	3	1	0	7	5	0	1	10
2035	2950	2	3	1	0	7	6	1	2	13
3179	2650	2	3	1	0	6	5	1	0	15
3554	2199	2	3	1	0	0	0	38	1	18
4071	5200	2	3	1	1	6	4	1	0	14
3365	1800	2	4	1	0	0	5	119	0	19
3868	550	0	1	2	0	0	5	119	0	19
856	3700	0	2	2	0	5	6	3	1	16
865	6250	0	2	2	0	6	8	1	0	14
898	3250	0	2	2	0	2	4	9	0	15
1518	2795	0	2	2	0	6	8	1	0	13
2751	2200	0	2	2	0	7	3	5	2	10
2930	2300	0	2	2	1	5	0	0	0	17
3369	5600	0	2	2	0	6	6	1	0	15
3443	2995	0	2	2	0	6	4	0	0	14
3456	3500	0	2	2	0	6	4	0	0	14
3753	4890	0	2	2	0	6	5	3	0	9
3755	3850	0	2	2	0	6	7	1	0	15
3768	3195	0	2	2	0	6	2	3	0	8
3781	2850	0	2	2	0	6	8	1	0	13
3810	2795	0	2	2	0	6	4	2	0	12
3813	2500	0	2	2	1	6	8	1	1	13
3829	2895	0	2	2	0	6	6	2	0	11
3839	2300	0	2	2	1	0	0	1	1	15
3848	2500	0	2	2	0	4	7	1	0	16
3856	1700	0	2	2	0	6	9	2	0	9
3857	2050	0	2	2	1	5	6	0	0	16
3875	3000	0	2	2	0	6	2	3	0	8
3879	2495	0	2	2	0	6	4	1	0	14
3902	2395	0	2	2	1	4	7	2	0	16
3906	3495	0	2	2	0	6	9	3	0	10
3918	2595	0	2	2	0	6	4	1	0	13
3927	1945	0	2	2	0	2	0	1	0	16
3967	2895	0	2	2	0	0	4	2	0	17
3968	3695	0	2	2	0	6	8	1	0	14
3969	2600	0	2	2	0	6	6	1	0	11
3981	2650	0	2	2	0	7	4	1	2	14
3983	2300	0	2	2	1	6	3	1	0	16
3995	2795	0	2	2	1	6	8	1	1	13
4019	5800	0	2	2	0	6	8	2	0	11
4020	3195	0	2	2	1	6	8	1	1	13
4038	2845	0	2	2	0	6	4	0	0	14
4043	2750	0	2	2	0	3	4	11	0	18
4068	2200	0	2	2	1	7	8	1	1	13
827	2950	0	3	2	0	5	0	20	1	14
2016	2800	0	3	2	1	0	0	21	0	18
2171	7000	0	3	2	0	6	5	3	0	8
2224	3350	0	3	2	1	6	2	2	0	15
2324	2550	0	3	2	1	0	0	15	0	18
3164	3200	0	3	2	0	7	8	9	2	14
3754	3550	0	3	2	1	4	0	1	0	16
3757	2795	0	3	2	1	4	0	1	0	16
3777	2495	0	3	2	0	3	0	7	0	16
3804	2100	0	3	2	1	0	0	15	0	18
3812	3795	0	3	2	0	6	2	3	0	8
3910	3800	0	3	2	0	6	2	3	0	8
3915	4095	0	3	2	0	6	7	1	0	14
4056	3250	0	3	2	0	5	5	10	0	18
3513	2450	1	1	2	1	7	8	1	1	13
857	3250	1	2	2	0	7	5	0	1	16
863	4500	1	2	2	0	6	8	2	0	11
906	8958	1	2	2	0	6	8	1	1	12
1750	5950	1	2	2	0	7	2	1	1	13
2012	10000	1	2	2	0	6	10	1	0	12
2217	2250	1	2	2	0	3	3	2	0	17
2271	5450	1	2	2	0	6	5	3	0	12
2300	1890	1	2	2	0	5	3	23	0	15
2401	8600	1	2	2	0	7	8	1	1	11
2457	5950	1	2	2	0	6	8	1	1	13
2721	3800	1	2	2	1	7	8	1	1	13
2755	5950	1	2	2	0	6	8	1	1	13
2980	2900	1	2	2	1	0	5	1	0	16
3173	2700	1	2	2	0	6	7	1	0	16
3460	4150	1	2	2	0	7	3	10	2	11
3520	5750	1	2	2	1	6	4	1	0	15
666	6795	1	3	2	0	9	9	10	2	14
720	8000	1	3	2	0	7	2	1	1	13
743	5000	1	3	2	0	7	8	10	2	13
823	6800	1	3	2	0	6	8	1	0	14
854	2500	1	3	2	0	0	0	50	0	16
879	7500	1	3	2	0	7	6	0	2	12
882	4800	1	3	2	0	5	6	14	0	12
887	5950	1	3	2	0	6	7	3	0	9
930	9975	1	3	2	0	6	5	3	0	7
1381	18000	1	3	2	0	6	10	0	1	10
1511	3100	1	3	2	0	2	4	1	0	15
1517	5950	1	3	2	0	6	2	4	0	9
1594	4500	1	3	2	0	6	6	1	0	16
1686	6000	1	3	2	0	6	6	1	0	10
1803	6750	1	3	2	0	7	9	3	2	14
1807	3750	1	3	2	1	4	4	2	0	16
1809	4700	1	3	2	1	6	4	1	0	14
1984	9000	1	3	2	0	9	8	3	0	7
1986	5800	1	3	2	0	6	4	1	0	13
2018	3995	1	3	2	0	6	8	1	0	14
2026	5900	1	3	2	1	0	2	1	0	16
2037	5980	1	3	2	0	6	9	2	0	12
2050	9000	1	3	2	0	9	8	3	0	7
2052	5800	1	3	2	0	6	4	1	0	13
2066	5500	1	3	2	1	6	4	1	0	14
2087	4800	1	3	2	0	6	9	2	0	12
2093	6000	1	3	2	0	6	0	1	0	15
2222	5500	1	3	2	1	6	4	2	0	15
2279	5300	1	3	2	0	6	5	4	0	10
2359	6500	1	3	2	0	7	9	6	2	14
2387	4300	1	3	2	1	4	7	2	0	16
2449	2950	1	3	2	0	6	3	62	1	16
2455	7000	1	3	2	0	6	9	2	0	12
2740	5299	1	3	2	0	6	7	1	0	14
2744	4900	1	3	2	0	6	4	1	0	14
3181	3275	1	3	2	0	6	2	1	2	12
3195	3925	1	3	2	0	6	4	0	0	14
3204	5500	1	3	2	0	6	8	2	2	14
3364	2300	1	3	2	0	0	5	50	0	16
3372	2495	1	3	2	1	0	0	14	0	18
3401	2700	1	3	2	0	6	0	40	1	16
3429	2950	1	3	2	0	0	3	12	0	18
3432	4500	1	3	2	0	6	8	2	0	11
3490	7850	1	3	2	0	6	5	2	0	9
3495	3900	1	3	2	0	5	5	0	1	16
3497	5000	1	3	2	0	6	4	1	0	14
3503	6300	1	3	2	0	6	7	3	0	9
3531	2800	1	3	2	0	6	0	3	2	13
3614	3500	1	3	2	0	7	7	0	2	8
3778	3500	1	3	2	0	7	3	10	2	11
4061	9400	1	3	2	0	6	10	0	1	11
884	3600	1	4	2	0	4	0	13	0	18
1329	6500	1	4	2	0	6	7	1	0	15
1352	4995	1	4	2	1	6	4	0	0	14
1567	2700	1	4	2	0	2	0	23	0	17
1810	3000	1	4	2	0	5	4	1	0	17
2205	8800	1	4	2	0	9	7	1	0	6
2405	5200	1	4	2	0	5	6	8	0	9
2723	2600	1	4	2	0	0	0	10	0	17
3178	3045	1	4	2	0	2	2	15	0	16
3185	4550	1	4	2	1	6	4	0	0	14
3479	2700	1	4	2	0	0	0	36	0	19
4060	2500	1	5	2	0	3	0	51	0	18
2255	3300	1	6	2	0	0	5	121	0	19
826	8995	2	1	2	1	7	4	1	1	14
840	5500	2	1	2	1	7	4	1	1	14
878	6500	2	1	2	1	7	4	1	1	14
931	5199	2	1	2	1	7	4	1	1	14
1515	7500	2	1	2	1	7	4	1	1	14
1989	2800	2	1	2	0	6	2	3	0	8
2055	2800	2	1	2	0	6	2	3	0	8
2286	5495	2	1	2	1	7	4	1	1	14
2770	4200	2	1	2	0	6	9	2	0	10
2869	2795	2	1	2	0	6	9	2	0	11
667	2995	2	2	2	0	6	9	2	0	11
682	5495	2	2	2	1	7	2	1	1	13
683	2850	2	2	2	0	7	8	1	1	12
722	3950	2	2	2	0	6	2	3	0	8
724	3900	2	2	2	0	6	9	3	0	12
729	7500	2	2	2	0	6	9	2	0	11
736	4750	2	2	2	1	7	2	1	1	13
843	2950	2	2	2	1	5	0	2	0	17
864	2690	2	2	2	0	5	9	10	1	16
874	2795	2	2	2	0	6	4	2	0	12
881	6999	2	2	2	0	6	7	1	0	13
900	3450	2	2	2	0	6	9	0	0	7
917	4200	2	2	2	0	6	2	3	0	8
918	5650	2	2	2	0	6	2	3	0	7
1378	2395	2	2	2	0	6	4	2	0	13
1522	3500	2	2	2	0	6	2	3	0	8
1566	3600	2	2	2	0	6	9	2	0	11
1586	6950	2	2	2	0	6	8	2	0	12
1589	6250	2	2	2	1	7	4	1	1	14
1596	3000	2	2	2	0	6	2	3	0	8
1604	4200	2	2	2	0	6	7	1	0	13
1691	2300	2	2	2	0	5	6	21	2	12
1692	7500	2	2	2	1	7	4	1	1	14
1700	7500	2	2	2	0	7	4	1	1	14
1705	3025	2	2	2	0	5	5	10	0	15
1745	2800	2	2	2	0	3	0	1	0	17
1746	3050	2	2	2	0	6	4	0	0	14
1753	2400	2	2	2	0	5	5	13	0	13
1754	2550	2	2	2	0	5	0	3	1	16
1759	3495	2	2	2	0	6	4	1	0	14
1761	2995	2	2	2	0	6	6	2	0	11
1762	3395	2	2	2	0	6	4	1	0	13
1802	3495	2	2	2	0	6	9	2	0	11
1804	5300	2	2	2	0	6	9	2	0	11
1816	9000	2	2	2	0	6	9	2	0	10
1985	3600	2	2	2	1	6	8	1	1	13
1990	4500	2	2	2	0	6	9	2	0	10
1996	4400	2	2	2	0	6	4	1	0	15
2002	4095	2	2	2	0	6	8	3	0	10
2007	3200	2	2	2	0	6	5	3	0	8
2014	3295	2	2	2	0	6	7	1	0	13
2015	4495	2	2	2	0	6	9	2	0	11
2023	3275	2	2	2	1	6	0	1	0	14
2030	6100	2	2	2	0	6	2	3	0	8
2032	2800	2	2	2	0	2	5	1	0	14
2042	2380	2	2	2	0	6	6	1	0	15
2043	2600	2	2	2	0	7	6	10	2	14
2044	2495	2	2	2	0	6	4	2	0	13
2051	3600	2	2	2	1	6	8	1	1	13
2056	4500	2	2	2	0	6	9	2	0	10
2062	4400	2	2	2	0	6	4	1	0	15
2074	3000	2	2	2	1	4	4	1	0	16
2078	1850	2	2	2	0	2	0	1	0	16
2086	2800	2	2	2	0	7	6	1	2	14
2088	3000	2	2	2	0	6	7	1	0	13
2143	2850	2	2	2	0	6	4	2	0	12
2144	3950	2	2	2	0	6	4	1	0	14
2146	4950	2	2	2	0	6	5	3	0	8
2147	12000	2	2	2	0	6	9	2	0	10
2151	2795	2	2	2	0	6	8	1	0	13
2152	3900	2	2	2	0	7	2	1	1	13
2158	3900	2	2	2	0	6	9	2	0	11
2165	2745	2	2	2	0	7	2	1	1	13
2172	2895	2	2	2	0	6	7	1	0	14
2177	2650	2	2	2	1	5	0	0	1	16
2183	8500	2	2	2	0	6	8	2	0	12
2198	5500	2	2	2	0	6	7	1	0	13
2212	2200	2	2	2	1	0	5	1	1	15
2221	2900	2	2	2	0	6	7	1	0	13
2229	4444	2	2	2	0	6	8	2	0	12
2237	2950	2	2	2	0	6	7	1	0	13
2253	3850	2	2	2	1	7	8	1	1	13
2259	3900	2	2	2	1	5	8	0	0	16
2263	2650	2	2	2	1	5	0	0	0	16
2288	3398	2	2	2	0	6	7	1	0	13
2289	2149	2	2	2	1	5	6	0	1	16
2293	3500	2	2	2	0	6	4	1	0	14
2312	2000	2	2	2	0	7	3	5	2	11
2317	3350	2	2	2	0	6	7	1	0	13
2319	8000	2	2	2	0	6	9	2	0	11
2321	2800	2	2	2	0	6	8	2	0	11
2323	4575	2	2	2	0	6	8	1	0	14
2325	5195	2	2	2	0	6	2	3	0	8
2333	2850	2	2	2	0	6	2	3	0	8
2336	3995	2	2	2	0	6	2	3	0	8
2338	18500	2	2	2	0	6	8	2	0	12
2340	4157	2	2	2	0	6	2	3	0	8
2346	4182	2	2	2	0	6	2	3	0	8
2348	3550	2	2	2	0	6	9	2	0	11
2350	4500	2	2	2	0	6	7	1	0	13
2357	3495	2	2	2	0	6	2	3	0	8
2362	2500	2	2	2	0	7	8	1	1	12
2370	3300	2	2	2	0	6	5	3	0	8
2371	6200	2	2	2	0	6	8	2	0	11
2389	5180	2	2	2	0	6	5	3	0	9
2392	6800	2	2	2	0	6	8	2	0	11
2393	7250	2	2	2	0	6	9	2	0	10
2414	4950	2	2	2	0	6	7	1	0	13
2424	15000	2	2	2	0	6	9	2	0	11
2440	4500	2	2	2	0	6	8	4	2	14
2637	2450	2	2	2	1	0	5	1	2	15
2640	1895	2	2	2	1	0	0	1	0	17
2642	3600	2	2	2	0	6	9	2	0	10
2648	4000	2	2	2	1	5	7	0	0	16
2727	2199	2	2	2	1	5	4	0	0	16
2735	3800	2	2	2	1	7	8	1	1	13
2741	3700	2	2	2	0	6	8	2	0	11
2756	6995	2	2	2	0	6	8	2	0	13
2760	3500	2	2	2	0	6	9	2	0	11
2782	2200	2	2	2	1	5	3	1	1	15
2790	4450	2	2	2	0	6	7	1	0	13
2797	5000	2	2	2	0	6	7	1	0	13
2806	2695	2	2	2	0	6	4	0	0	14
2822	5000	2	2	2	0	6	7	1	0	13
2828	3500	2	2	2	0	6	9	2	0	11
2836	2295	2	2	2	1	5	0	0	0	16
2872	1695	2	2	2	1	5	0	0	0	16
2878	3375	2	2	2	0	5	4	0	2	16
2927	2500	2	2	2	1	6	0	1	0	15
2938	2750	2	2	2	0	6	2	3	0	8
2977	2595	2	2	2	0	6	9	2	0	11
2979	2300	2	2	2	1	0	0	1	1	15
2990	3250	2	2	2	0	6	7	2	0	16
3159	2300	2	2	2	1	5	0	0	0	17
3190	3299	2	2	2	0	7	6	1	1	13
3203	2599	2	2	2	0	6	9	2	0	11
3302	3900	2	2	2	1	4	5	1	0	16
3306	3500	2	2	2	0	6	7	1	0	13
3338	3500	2	2	2	0	6	9	2	0	11
3343	2600	2	2	2	0	7	9	10	2	13
3344	3900	2	2	2	0	6	7	1	0	13
3353	2850	2	2	2	1	5	6	0	0	16
3355	3150	2	2	2	0	6	9	0	0	14
3356	4500	2	2	2	0	2	2	1	0	16
3374	2650	2	2	2	0	6	2	3	0	8
3376	4980	2	2	2	0	6	5	3	0	10
3386	2600	2	2	2	0	7	9	10	2	13
3387	3900	2	2	2	0	6	7	1	0	13
3396	2850	2	2	2	1	5	6	0	0	16
3412	3399	2	2	2	0	6	5	3	0	8
3422	2300	2	2	2	1	7	2	1	1	14
3423	3195	2	2	2	0	6	9	3	0	10
3439	3100	2	2	2	0	6	8	3	0	10
3462	2195	2	2	2	0	6	5	3	0	11
3469	2795	2	2	2	0	6	7	3	0	10
3502	3500	2	2	2	0	6	8	3	0	10
3507	2600	2	2	2	0	7	5	0	2	15
3518	2450	2	2	2	1	0	5	1	2	15
3524	2800	2	2	2	0	6	4	2	0	12
3535	2450	2	2	2	1	0	5	1	2	15
3546	2800	2	2	2	0	6	4	2	0	12
3559	3200	2	2	2	0	6	7	3	0	10
3561	3000	2	2	2	1	6	6	1	0	15
4066	5900	2	2	2	0	6	2	3	0	8
4074	5150	2	2	2	0	6	2	3	0	7
4077	2755	2	2	2	0	7	4	0	2	9
671	3100	2	3	2	0	5	5	14	0	18
725	13000	2	3	2	0	6	9	2	0	11
727	3295	2	3	2	0	6	4	0	0	14
845	3850	2	3	2	0	2	4	9	0	14
860	4200	2	3	2	0	6	4	0	0	14
877	4195	2	3	2	0	6	6	1	0	11
888	3795	2	3	2	1	6	4	1	0	15
890	4300	2	3	2	0	6	8	2	0	11
919	5900	2	3	2	0	6	2	3	0	7
1342	4300	2	3	2	0	6	8	1	0	14
1375	2000	2	3	2	0	2	0	47	0	16
1562	5095	2	3	2	0	6	8	2	0	12
1568	4300	2	3	2	0	6	4	2	0	15
1595	4350	2	3	2	1	6	4	1	0	15
2020	2500	2	3	2	0	0	0	66	0	19
2083	2999	2	3	2	0	5	4	18	1	12
2180	3650	2	3	2	1	5	0	0	1	16
2182	3600	2	3	2	1	0	0	0	1	16
2187	6295	2	3	2	0	6	5	3	0	7
2206	2995	2	3	2	1	5	3	0	1	16
2299	2800	2	3	2	1	6	5	1	0	15
2301	2800	2	3	2	1	6	5	1	0	15
2305	2800	2	3	2	1	6	5	1	0	15
2306	3650	2	3	2	0	6	4	2	0	15
2307	3550	2	3	2	0	6	2	3	0	8
2310	7500	2	3	2	0	6	8	2	0	11
2334	2350	2	3	2	0	7	3	6	1	11
2335	4869	2	3	2	0	6	2	3	0	8
2337	4894	2	3	2	0	6	2	3	0	8
2342	4869	2	3	2	0	6	2	3	0	8
2344	4919	2	3	2	0	6	2	3	0	8
2345	4894	2	3	2	0	6	2	3	0	8
2347	4000	2	3	2	1	7	8	1	1	13
2352	4275	2	3	2	0	6	2	3	0	8
2353	7200	2	3	2	0	6	8	2	0	11
2354	4919	2	3	2	0	6	2	3	0	8
2355	6000	2	3	2	0	6	8	2	0	11
2378	2500	2	3	2	0	5	9	14	1	15
2428	2295	2	3	2	0	0	5	60	0	17
2434	2300	2	3	2	0	0	0	48	0	19
2448	3995	2	3	2	0	6	7	1	0	15
2733	4950	2	3	2	0	6	9	2	0	11
3182	5000	2	3	2	0	6	7	1	0	15
3207	4695	2	3	2	1	6	4	1	0	14
3218	3695	2	3	2	0	6	7	3	0	9
3309	3495	2	3	2	0	6	4	1	0	13
3345	3350	2	3	2	0	6	5	1	0	16
3388	3350	2	3	2	0	6	5	1	0	16
3410	2450	2	3	2	0	0	5	119	0	19
3453	4100	2	3	2	0	6	5	3	0	8
3478	3175	2	3	2	0	6	4	0	0	14
3485	4800	2	3	2	0	6	2	1	0	14
3499	3400	2	3	2	0	6	8	2	0	11
3530	3025	2	3	2	0	2	4	9	0	15
3555	6000	2	3	2	0	6	8	2	0	12
3727	5900	2	3	2	0	5	6	1	0	10
1577	7595	2	4	2	0	7	8	10	2	13
2227	3350	2	4	2	1	0	0	2	0	17
3468	3849	2	4	2	1	4	7	2	0	16
1800	3700	0	2	3	0	6	8	3	0	10
680	3650	0	3	3	1	0	3	1	2	15
719	4350	0	3	3	1	6	2	1	0	14
909	4295	0	3	3	0	0	0	2	0	18
913	3250	0	3	3	0	4	0	13	0	18
2635	3500	0	3	3	0	5	6	3	1	16
3782	2595	0	3	3	0	4	3	142	0	18
850	6250	0	4	3	0	6	7	1	0	15
895	6500	0	4	3	0	6	2	3	0	8
2003	3100	0	4	3	1	0	0	21	0	18
2639	2500	0	4	3	0	0	0	27	0	18
1358	2800	0	5	3	0	0	4	38	0	19
1361	2800	0	5	3	0	0	0	30	0	19
859	8000	1	2	3	0	6	8	1	1	13
739	11500	1	3	3	0	6	8	1	1	13
786	8950	1	3	3	0	9	8	0	0	6
788	10000	1	3	3	0	7	8	1	1	12
814	5500	1	3	3	0	8	9	1	1	11
841	5800	1	3	3	0	7	8	1	1	11
867	3650	1	3	3	0	7	4	0	2	10
1376	8900	1	3	3	0	7	6	1	2	14
2090	6750	1	3	3	0	6	8	1	0	14
2185	21000	1	3	3	0	6	10	1	1	12
2208	3650	1	3	3	0	0	0	2	0	17
2232	25000	1	3	3	0	6	10	1	0	12
2264	5200	1	3	3	0	6	10	1	1	12
2275	12500	1	3	3	1	7	2	1	0	14
2281	11980	1	3	3	0	6	4	1	0	14
2351	15000	1	3	3	0	6	9	0	0	8
2377	8500	1	3	3	0	6	8	1	1	13
3304	7950	1	3	3	0	6	8	1	1	13
668	7300	1	4	3	0	7	8	1	1	11
799	14900	1	4	3	0	6	8	1	1	13
832	15000	1	4	3	0	6	4	1	0	14
1331	9500	1	4	3	0	6	8	1	1	13
1755	6700	1	4	3	0	6	4	1	0	14
2163	8695	1	4	3	0	6	9	2	0	11
2195	28500	1	4	3	0	6	10	1	0	12
2214	5750	1	4	3	0	5	9	2	2	12
2413	3995	1	4	3	0	7	8	3	2	14
2939	4500	1	4	3	0	5	5	13	0	14
3488	12000	1	4	3	0	6	8	1	1	11
669	10900	1	5	3	0	7	6	0	2	14
790	5895	1	5	3	0	2	4	9	0	14
817	35000	1	5	3	0	6	4	1	0	13
837	29000	1	5	3	0	9	5	0	0	4
876	6995	1	5	3	0	6	2	4	0	10
2692	11000	1	5	3	0	6	6	1	0	16
2712	11000	1	5	3	0	6	7	1	0	14
3541	3500	1	5	3	0	0	3	58	0	17
3562	2700	1	5	3	1	0	0	19	0	18
3494	7500	1	8	3	0	0	0	1	0	17
1812	3990	2	2	3	0	6	8	2	0	11
2011	4250	2	2	3	1	7	2	1	1	13
2022	15000	2	2	3	0	6	9	2	0	10
2027	7000	2	2	3	0	6	8	2	0	12
2213	3200	2	2	3	0	6	8	2	0	11
2379	3990	2	2	3	0	6	4	1	1	13
3320	3400	2	2	3	1	0	4	1	2	14
3327	3400	2	2	3	1	0	4	1	2	14
672	5800	2	3	3	0	6	4	1	0	14
684	6300	2	3	3	0	6	9	2	0	9
744	4550	2	3	3	1	5	7	1	0	16
802	10750	2	3	3	1	5	7	1	0	16
847	4200	2	3	3	0	6	7	3	0	9
929	5600	2	3	3	0	6	0	1	0	14
1351	4195	2	3	3	0	6	7	3	0	9
1592	2800	2	3	3	1	5	0	0	0	17
1757	7150	2	3	3	0	6	8	2	0	13
2031	4225	2	3	3	1	6	0	1	0	14
2154	3895	2	3	3	1	7	8	1	1	13
2197	4995	2	3	3	0	6	2	3	0	8
2238	3750	2	3	3	0	6	4	0	0	14
2247	4250	2	3	3	0	6	9	2	0	11
2314	6295	2	3	3	0	6	2	3	0	8
2318	5895	2	3	3	0	6	2	3	0	8
2322	24000	2	3	3	0	6	8	2	0	12
2331	4295	2	3	3	0	6	7	3	0	9
2398	3995	2	3	3	0	6	7	3	0	9
2706	5500	2	3	3	0	6	9	0	0	7
2774	4500	2	3	3	0	6	4	1	0	14
2798	4500	2	3	3	0	6	4	1	0	14
2868	14500	2	3	3	0	6	9	2	0	10
2926	4395	2	3	3	0	6	2	3	0	8
2933	4395	2	3	3	0	6	2	3	0	9
2976	4300	2	3	3	0	5	5	10	0	18
3297	4495	2	3	3	0	6	9	2	0	11
3427	4250	2	3	3	0	6	4	1	0	14
3544	4695	2	3	3	0	6	8	2	0	12
3683	5750	2	3	3	0	6	10	1	0	13
4069	4000	2	3	3	0	6	8	2	0	11
1332	3795	2	4	3	0	7	8	6	2	14
2040	4995	2	4	3	0	6	2	3	0	8
2265	5095	2	4	3	0	6	2	3	0	8
4072	3300	2	4	3	1	5	0	0	0	17
1330	2800	2	5	3	0	0	4	29	0	19
1335	2800	2	5	3	0	0	0	33	0	19
1341	2800	2	5	3	0	0	0	46	0	18
1348	2800	2	5	3	1	0	3	18	0	18
3461	2600	2	5	3	0	0	0	27	0	19
891	11000	1	3	4	0	6	5	3	0	8
1749	12950	1	3	4	0	6	8	1	1	12
2091	16500	1	3	4	0	6	10	1	0	12
2176	18000	1	3	4	0	6	8	1	1	13
2219	55000	1	3	4	0	6	10	1	0	12
2416	6750	1	3	4	0	6	5	10	2	12
783	30000	1	4	4	0	6	4	1	1	13
793	35000	1	4	4	0	6	8	1	1	12
797	10500	1	4	4	0	6	9	0	0	8
821	9995	1	4	4	0	7	8	1	1	11
880	32500	1	4	4	0	6	8	1	1	13
894	19750	1	4	4	0	9	8	2	0	7
1982	15000	1	4	4	0	6	8	1	1	13
2048	15000	1	4	4	0	6	8	1	1	13
2201	7495	1	4	4	0	9	7	1	0	6
723	15000	1	5	4	0	6	9	0	0	7
803	25000	1	5	4	0	6	8	1	1	12
862	6800	1	5	4	1	4	0	1	0	16
2266	11000	1	5	4	0	9	5	0	0	4
3527	18000	1	5	4	0	6	9	0	0	8
3540	7500	1	9	4	0	0	0	2	0	18
1371	11000	2	3	4	0	6	9	2	0	11
1607	7000	2	3	4	0	6	9	2	0	11
2384	13000	2	3	4	0	6	9	2	0	11
2396	13000	2	3	4	0	6	9	2	0	11
2407	11000	2	3	4	0	6	9	2	0	11
2411	14000	2	3	4	0	6	9	2	0	11
2412	10000	2	3	4	0	6	9	2	0	11
2419	11000	2	3	4	0	6	9	2	0	11
2420	10000	2	3	4	0	6	9	2	0	11
2758	11000	2	3	4	0	6	9	2	0	10