    1         0.7472        -0.3423         0.0399        -0.0147        -0.0793        -0.1269     43406.6716
    2         1.4075        -0.4413         0.0411        -0.0085        -0.1879        -0.2320     37601.3891
    3         0.9940        -0.4913         0.0419        -0.0111        -0.1689        -0.0976     34688.1825
    4         1.4272        -0.5586         0.0272        -0.0184        -0.0818        -0.1923     52277.8487
    5         0.8207        -0.2297         0.0552        -0.0125        -0.0749        -0.2306     54958.5601
    6         0.9369        -0.3525         0.0318        -0.0078        -0.1621        -0.1283     62192.3404
    7         0.8952        -0.5582         0.0500        -0.0191        -0.1682        -0.1759     42718.3361
    8         1.3844        -0.3313         0.0600        -0.0070        -0.1314        -0.2311     47391.5367
    9         0.9807        -0.5783         0.0418        -0.0178        -0.1666        -0.0873     29860.2644
   10         1.3218        -0.2736         0.0447        -0.0171        -0.1978        -0.1258     47359.5924
   11         1.4618        -0.5474         0.0260        -0.0175        -0.1523        -0.1119     60982.2294
   12         1.3817        -0.3430         0.0430        -0.0165        -0.1722        -0.1178     65321.9466
   13         1.3498        -0.3557         0.0522        -0.0071        -0.1912        -0.1877     35637.7076
   14         1.3495        -0.2380         0.0588        -0.0144        -0.0885        -0.0896     63000.7519
   15         1.1464        -0.4042         0.0608        -0.0123        -0.0913        -0.1937     41168.0791
   16         0.9833        -0.4782         0.0518        -0.0119        -0.1932        -0.1779     33250.0766
   17         0.9867        -0.4850         0.0523        -0.0169        -0.1030        -0.1320     44259.7349
   18         0.9579        -0.5345         0.0509        -0.0199        -0.1214        -0.1594     43733.2535
   19         0.8397        -0.5763         0.0239        -0.0199        -0.1355        -0.2063     64838.2766
   20         0.7072        -0.4315         0.0235        -0.0120        -0.0690        -0.1517     33494.1075
   21         0.7877        -0.2930         0.0525        -0.0147        -0.1430        -0.1281     38546.3555
   22         1.0198        -0.4797         0.0507        -0.0080        -0.1931        -0.0890     56179.4445
   23         1.2591        -0.3818         0.0221        -0.0135        -0.0989        -0.2488     45886.3313
   24         1.3362        -0.5024         0.0352        -0.0189        -0.1448        -0.1353     30120.3916
   25         0.7860        -0.2833         0.0370        -0.0152        -0.1799        -0.1765     50015.9618
   26         0.5100        -0.5005         0.0421        -0.0177        -0.0870        -0.2462     52336.3623
   27         1.1144        -0.3010         0.0532        -0.0092        -0.0957        -0.0962     33457.3358
   28         1.0913        -0.4773         0.0436        -0.0171        -0.0663        -0.0883     32225.3941
   29         1.0479        -0.4699         0.0468        -0.0084        -0.1927        -0.2391     37463.4939
   30         0.9436        -0.5621         0.0638        -0.0081        -0.1726        -0.1856     32811.1581
   31         1.4369        -0.4479         0.0553        -0.0191        -0.0686        -0.1934     51474.1902
   32         0.5750        -0.3311         0.0441        -0.0135        -0.0940        -0.0977     49007.5208
   33         1.4825        -0.5655         0.0388        -0.0187        -0.1681        -0.1355     56352.4727
   34         0.8272        -0.5909         0.0596        -0.0108        -0.1625        -0.2065     26541.3462
   35         1.3066        -0.4021         0.0342        -0.0068        -0.1717        -0.1200     62260.8989
   36         1.1926        -0.3105         0.0233        -0.0106        -0.1618        -0.1793     58963.2391
   37         1.2748        -0.4508         0.0414        -0.0146        -0.1938        -0.1290     37920.1840
   38         1.0670        -0.3272         0.0505        -0.0109        -0.0732        -0.1366     62128.0239
   39         1.4718        -0.4812         0.0564        -0.0132        -0.0833        -0.1542     54076.5309
   40         0.8435        -0.3802         0.0628        -0.0121        -0.1333        -0.1657     49854.5812
   41         1.2966        -0.3740         0.0350        -0.0098        -0.1091        -0.2297     48977.4711
   42         0.8156        -0.2061         0.0232        -0.0085        -0.1291        -0.2044     31930.4991
   43         0.6192        -0.4317         0.0394        -0.0172        -0.0770        -0.2491     62165.2204
   44         1.2953        -0.4010         0.0305        -0.0085        -0.0804        -0.1638     23842.8562
   45         1.2627        -0.4440         0.0522        -0.0151        -0.1559        -0.1651     62074.5837
   46         1.3352        -0.2549         0.0580        -0.0163        -0.1850        -0.0926     29767.9225
   47         0.9106        -0.2033         0.0220        -0.0130        -0.1838        -0.1925     24624.1705
   48         0.8374        -0.4523         0.0332        -0.0182        -0.1680        -0.2352     42029.7876
   49         1.2954        -0.2127         0.0486        -0.0113        -0.1002        -0.1961     53602.0726
   50         0.5866        -0.3120         0.0564        -0.0085        -0.0880        -0.1058     27760.2628
   51         0.6097        -0.4355         0.0411        -0.0099        -0.1743        -0.1149     56575.4652
   52         1.3289        -0.2169         0.0513        -0.0087        -0.1567        -0.1649     60470.2572
   53         0.8005        -0.3685         0.0613        -0.0173        -0.0701        -0.1317     24433.4231
   54         0.5374        -0.5466         0.0225        -0.0188        -0.1874        -0.2446     25727.4120
   55         0.6277        -0.3751         0.0625        -0.0135        -0.1018        -0.1403     58378.2497
   56         1.4418        -0.5013         0.0462        -0.0190        -0.1282        -0.1728     36927.4697
   57         0.6901        -0.3184         0.0299        -0.0073        -0.1380        -0.2537     24611.9599
   58         1.1840        -0.2369         0.0533        -0.0093        -0.0779        -0.0964     55272.0403
   59         0.5142        -0.2212         0.0575        -0.0191        -0.1562        -0.1464     44002.1076
   60         0.9217        -0.3141         0.0632        -0.0123        -0.1919        -0.1257     39397.1309
   61         1.3182        -0.2221         0.0456        -0.0126        -0.1721        -0.1509     23857.1562
   62         0.6332        -0.4154         0.0426        -0.0135        -0.1314        -0.1771     40256.6618
   63         1.2294        -0.3488         0.0505        -0.0154        -0.0737        -0.2350     51302.7774
   64         0.8171        -0.2532         0.0313        -0.0073        -0.1896        -0.1285     51811.2776
   65         1.3579        -0.5857         0.0343        -0.0103        -0.0809        -0.0998     34345.0868
   66         0.5922        -0.3106         0.0408        -0.0087        -0.1168        -0.1179     53343.1400
   67         0.8199        -0.4684         0.0258        -0.0156        -0.1663        -0.1968     45179.8793
   68         0.9038        -0.3063         0.0316        -0.0182        -0.1503        -0.1904     41277.7474
   69         0.5158        -0.2794         0.0468        -0.0138        -0.1432        -0.2240     41339.0527
   70         1.1979        -0.3812         0.0427        -0.0105        -0.1590        -0.1793     23065.5080
   71         0.6304        -0.2533         0.0369        -0.0178        -0.1723        -0.1989     61390.1396
   72         1.1639        -0.5823         0.0383        -0.0160        -0.1416        -0.1807     61267.8715
   73         0.8890        -0.4821         0.0214        -0.0172        -0.0792        -0.1440     59878.4743
   74         0.8762        -0.4079         0.0413        -0.0103        -0.1797        -0.2372     40341.4500
   75         0.8352        -0.5362         0.0313        -0.0088        -0.1058        -0.1825     34468.6967
   76         0.9515        -0.3104         0.0469        -0.0186        -0.1109        -0.1547     33591.2958
   77         0.8260        -0.5572         0.0223        -0.0107        -0.0972        -0.2355     55348.6986
   78         1.2602        -0.2066         0.0495        -0.0091        -0.1528        -0.2228     65300.2862
   79         0.7712        -0.3017         0.0581        -0.0116        -0.1599        -0.1254     64829.7753
   80         1.1553        -0.2702         0.0561        -0.0075        -0.0681        -0.1547     65385.6416
   81         0.5609        -0.3318         0.0639        -0.0072        -0.1212        -0.1151     57528.4452
   82         1.0621        -0.2417         0.0285        -0.0150        -0.1585        -0.0910     41875.3143
   83         1.1201        -0.2367         0.0232        -0.0087        -0.0872        -0.1649     35257.0606
   84         0.7024        -0.2651         0.0582        -0.0168        -0.0690        -0.1035     44645.0299
   85         0.6158        -0.4491         0.0480        -0.0067        -0.1723        -0.1628     52821.8104
   86         0.5379        -0.5884         0.0506        -0.0125        -0.1076        -0.2329     65486.3161
   87         0.6779        -0.5947         0.0524        -0.0072        -0.1966        -0.2244     45537.8470
   88         1.0490        -0.4491         0.0263        -0.0091        -0.1800        -0.2296     28006.9609
   89         0.5652        -0.3455         0.0254        -0.0092        -0.1575        -0.1506     51995.6173
   90         1.4785        -0.3103         0.0541        -0.0173        -0.0954        -0.2394     30340.7705
   91         0.8315        -0.3232         0.0359        -0.0168        -0.1412        -0.2500     40019.7414
   92         1.2980        -0.3957         0.0237        -0.0200        -0.1476        -0.1232     45445.1661
   93         0.9553        -0.4148         0.0607        -0.0196        -0.1355        -0.1030     43265.8163
   94         1.1897        -0.2840         0.0245        -0.0134        -0.0877        -0.1679     29668.3542
   95         0.6591        -0.4263         0.0638        -0.0093        -0.1134        -0.2409     55205.2910
   96         1.0023        -0.5144         0.0360        -0.0075        -0.0908        -0.2499     58163.7281
   97         0.9323        -0.4394         0.0592        -0.0190        -0.1671        -0.1464     57982.1400
   98         1.2097        -0.4438         0.0349        -0.0165        -0.0970        -0.2035     64541.1634
   99         1.3610        -0.5416         0.0553        -0.0113        -0.1192        -0.2288     64608.9637
  100         1.0832        -0.2772         0.0290        -0.0137        -0.1752        -0.1437     24416.7927
